10180
10180
2684
3198
3207
3349
3434
3458
3575
3613
3700
3713
3732
3760
3790
3870
3903
3906
3921
3939
4009
4017
4035
4050
4051
4071
4102
4152
4159
4214
4219
4250
4278
4310
4338
4341
4345
4376
4385
4426
4440
4460
4487
4536
4537
4562
4589
4602
4639
4642
4685
4690
4692
4695
4696
4714
4718
4730
4732
4743
4749
4750
4774
4779
4796
4807
4814
4821
4830
4832
4836
4840
4880
4891
4908
4932
4933
4934
4940
4947
4980
4993
5006
5010
5012
5020
5024
5045
5063
5077
5080
5081
5085
5087
5093
5095
5103
5105
5107
5125
5127
5135
5148
5150
5151
5158
5169
5173
5183
5192
5196
5204
5209
5212
5218
5221
5223
5228
5229
5231
5234
5238
5241
5242
5252
5258
5261
5264
5268
5270
5275
5278
5284
5300
5305
5306
5309
5334
5335
5349
5354
5358
5374
5389
5392
5404
5409
5426
5436
5448
5449
5457
5458
5464
5479
5493
5499
5501
5518
5524
5528
5531
5537
5538
5539
5553
5554
5557
5560
5562
5566
5567
5569
5583
5593
5594
5600
5606
5612
5613
5614
5616
5617
5620
5628
5640
5651
5654
5662
5664
5673
5686
5691
5695
5699
5705
5712
5716
5717
5719
5730
5731
5734
5743
5753
5754
5759
5764
5767
5775
5776
5781
5786
5789
5791
5792
5793
5794
5795
5796
5797
5807
5812
5817
5818
5823
5827
5829
5830
5844
5845
5846
5848
5849
5853
5867
5868
5872
5873
5875
5876
5878
5886
5890
5894
5902
5903
5904
5905
5907
5908
5909
5917
5921
5923
5927
5930
5937
5940
5945
5949
5951
5952
5962
5974
5976
5982
5983
5991
5992
5994
5998
6003
6004
6006
6008
6010
6013
6017
6019
6024
6025
6028
6031
6032
6034
6041
6044
6045
6048
6049
6053
6056
6059
6060
6061
6064
6066
6072
6077
6079
6080
6082
6087
6090
6091
6096
6100
6105
6113
6116
6117
6121
6122
6123
6127
6133
6134
6135
6138
6140
6141
6144
6146
6147
6150
6152
6153
6154
6156
6158
6159
6162
6165
6167
6168
6169
6170
6176
6178
6179
6181
6182
6183
6185
6187
6192
6196
6198
6201
6202
6203
6204
6207
6216
6217
6219
6220
6222
6223
6225
6226
6229
6230
6234
6237
6238
6240
6241
6242
6243
6244
6246
6247
6248
6249
6253
6254
6255
6256
6262
6266
6268
6269
6271
6275
6276
6277
6278
6284
6285
6290
6292
6293
6294
6297
6302
6303
6308
6309
6310
6313
6315
6316
6317
6318
6321
6323
6326
6328
6329
6331
6333
6335
6338
6341
6342
6345
6346
6347
6348
6349
6350
6356
6359
6361
6362
6363
6364
6367
6371
6373
6374
6375
6376
6381
6383
6388
6389
6390
6391
6393
6394
6397
6398
6399
6400
6403
6405
6414
6421
6422
6423
6424
6426
6427
6428
6431
6432
6433
6434
6435
6437
6439
6442
6443
6444
6446
6447
6448
6450
6456
6458
6459
6461
6462
6463
6464
6465
6466
6467
6468
6469
6475
6480
6489
6490
6493
6494
6499
6500
6505
6507
6509
6510
6511
6512
6515
6517
6519
6554
6579
6581
6593
6628
6659
6681
6683
6723
6726
6727
6762
6765
6770
6792
6808
6815
6816
6828
6894
6895
6902
6909
6913
6922
6923
6928
6929
6941
6943
6955
6967
6969
7003
7004
7006
7008
7013
7020
7021
7028
7042
7054
7063
7075
7084
7085
7087
7091
7098
7101
7103
7104
7119
7135
7139
7140
7141
7147
7163
7170
7173
7180
7186
7189
7192
7195
7196
7203
7219
7220
7222
7224
7225
7227
7234
7235
7236
7237
7246
7250
7255
7260
7263
7268
7271
7274
7277
7285
7286
7288
7291
7295
7296
7303
7304
7305
7308
7310
7317
7323
7326
7329
7332
7333
7334
7339
7347
7349
7350
7354
7359
7379
7382
7383
7386
7396
7397
7401
7404
7430
7431
7435
7439
7445
7447
7452
7455
7457
7467
7472
7476
7479
7482
7483
7485
7486
7488
7491
7494
7495
7500
7505
7513
7521
7524
7525
7529
7538
7550
7552
7556
7566
7572
7576
7582
7583
7585
7588
7589
7592
7593
7597
7605
7610
7611
7625
7627
7632
7634
7635
7637
7642
7645
7646
7655
7661
7664
7671
7676
7677
7679
7684
7685
7692
7693
7699
7700
7701
7703
7705
7709
7712
7715
7716
7727
7728
7729
7733
7737
7738
7742
7745
7748
7749
7754
7757
7762
7766
7767
7773
7775
7777
7778
7785
7790
7791
7792
7794
7797
7799
7805
7806
7809
7810
7811
7823
7826
7829
7832
7834
7836
7837
7839
7840
7844
7848
7849
7850
7853
7854
7855
7857
7859
7860
7864
7867
7875
7879
7883
7884
7885
7886
7888
7890
7892
7894
7897
7898
7900
7901
7905
7912
7913
7919
7922
7924
7925
7926
7934
7935
7941
7943
7945
7946
7948
7949
7950
7951
7952
7953
7957
7964
7965
7970
7972
7975
7976
7977
7979
7980
7983
7984
7987
7991
7995
7998
7999
8002
8003
8007
8012
8014
8016
8017
8020
8026
8027
8028
8029
8030
8031
8032
8035
8037
8039
8041
8047
8050
8051
8052
8053
8055
8056
8057
8058
8061
8063
8064
8065
8067
8068
8070
8071
8072
8073
8074
8076
8077
8081
8083
8086
8089
8093
8094
8096
8100
8105
8106
8107
8111
8112
8113
8114
8116
8123
8124
8127
8128
8129
8130
8131
8134
8138
8139
8145
8146
8147
8152
8153
8157
8159
8160
8162
8165
8167
8168
8170
8172
8176
8179
8180
8181
8182
8183
8184
8185
8187
8188
8195
8198
8200
8201
8202
8204
8207
8208
8211
8212
8213
8214
8219
8221
8225
8227
8229
8230
8231
8235
8236
8239
8243
8245
8249
8254
8259
8260
8266
8267
8268
8269
8277
8278
8279
8280
8281
8284
8285
8287
8288
8295
8296
8298
8300
8301
8305
8306
8307
8309
8310
8312
8314
8316
8321
8323
8327
8329
8337
8339
8340
8342
8343
8346
8347
8348
8350
8353
8355
8363
8364
8365
8367
8368
8369
8373
8374
8377
8378
8379
8383
8385
8389
8393
8394
8399
8403
8405
8408
8411
8413
8414
8421
8422
8424
8425
8426
8427
8431
8432
8435
8438
8440
8441
8445
8448
8450
8454
8455
8456
8460
8467
8468
8470
8471
8473
8475
8480
8481
8485
8487
8489
8491
8492
8493
8496
8499
8500
8501
8504
8505
8508
8509
8511
8513
8514
8516
8520
8527
8528
8530
8531
8532
8534
8536
8537
8539
8540
8544
8545
8547
8548
8549
8550
8552
8556
8563
8566
8568
8569
8570
8573
8574
8575
8576
8577
8579
8587
8588
8594
8600
8601
8604
8605
8608
8616
8619
8620
8621
8627
8632
8633
8636
8645
8647
8648
8651
8652
8653
8654
8655
8656
8657
8659
8660
8663
8664
8667
8668
8669
8670
8673
8675
8676
8677
8678
8681
8684
8685
8688
8690
8691
8693
8695
8697
8700
8702
8704
8705
8706
8708
8709
8710
8712
8713
8714
8718
8720
8723
8724
8728
8729
8732
8733
8734
8736
8740
8742
8743
8746
8747
8750
8751
8752
8754
8757
8761
8762
8766
8768
8769
8770
8771
8773
8775
8776
8778
8782
8783
8785
8786
8787
8792
8795
8797
8798
8799
8800
8801
8802
8803
8808
8811
8816
8818
8820
8825
8826
8827
8829
8838
8840
8843
8844
8845
8846
8850
8851
8854
8855
8856
8859
8860
8861
8862
8863
8866
8868
8870
8873
8874
8875
8878
8879
8880
8883
8889
8890
8891
8896
8900
8901
8906
8907
8908
8909
8910
8912
8913
8914
8915
8916
8918
8919
8920
8922
8923
8925
8927
8928
8929
8931
8932
8934
8936
8940
8943
8944
8945
8946
8947
8949
8950
8951
8953
8955
8956
8957
8959
8963
8964
8965
8969
8974
8978
8981
8983
8984
8986
8987
8989
8990
8991
8993
8994
8996
8997
8999
9000
9002
9004
9008
9009
9010
9012
9013
9014
9015
9016
9018
9019
9021
9022
9023
9025
9027
9029
9031
9034
9035
9036
9037
9038
9039
9041
9042
9044
9047
9050
9054
9058
9059
9061
9067
9071
9073
9074
9076
9077
9080
9081
9082
9083
9085
9086
9087
9088
9089
9090
9096
9097
9099
9101
9102
9103
9105
9106
9108
9113
9114
9115
9116
9117
9118
9122
9123
9124
9125
9126
9128
9129
9130
9131
9132
9133
9134
9136
9138
9139
9141
9142
9144
9146
9147
9148
9151
9153
9156
9160
9164
9165
9167
9168
9172
9174
9175
9177
9180
9181
9182
9185
9187
9188
9189
9192
9194
9196
9198
9205
9210
9212
9216
9217
9219
9221
9222
9224
9225
9227
9229
9230
9231
9235
9237
9238
9240
9241
9246
9247
9249
9253
9256
9257
9259
9261
9264
9265
9266
9267
9271
9272
9273
9274
9276
9277
9278
9280
9281
9282
9283
9285
9288
9289
9290
9291
9293
9295
9297
9300
9303
9304
9308
9310
9311
9313
9316
9317
9318
9319
9323
9324
9327
9330
9336
9342
9343
9347
9350
9352
9358
9363
9365
9366
9367
9368
9369
9372
9378
9381
9382
9384
9386
9387
9388
9389
9391
9392
9393
9395
9397
9398
9399
9400
9401
9402
9407
9409
9414
9415
9417
9419
9421
9422
9423
9424
9425
9426
9427
9428
9429
9430
9432
9434
9435
9438
9439
9441
9443
9447
9449
9450
9451
9454
9458
9460
9463
9465
9466
9470
9471
9472
9473
9476
9478
9483
9485
9490
9493
9494
9497
9498
9499
9501
9507
9508
9512
9513
9514
9515
9516
9517
9518
9520
9522
9526
9530
9532
9534
9535
9536
9537
9539
9540
9543
9545
9547
9550
9551
9552
9554
9555
9556
9557
9558
9559
9563
9565
9567
9568
9569
9571
9572
9573
9574
9578
9582
9583
9585
9586
9587
9590
9591
9596
9598
9600
9602
9603
9604
9606
9609
9611
9612
9613
9614
9615
9619
9621
9622
9623
9625
9626
9629
9630
9631
9632
9633
9634
9635
9637
9643
9645
9646
9647
9652
9654
9655
9658
9660
9661
9662
9663
9664
9665
9668
9669
9673
9674
9677
9678
9679
9680
9682
9683
9684
9687
9688
9693
9694
9695
9698
9699
9702
9703
9704
9705
9706
9707
9708
9709
9712
9715
9717
9719
9720
9721
9722
9723
9726
9727
9728
9729
9730
9731
9733
9738
9740
9741
9742
9743
9744
9745
9746
9748
9749
9750
9751
9752
9753
9754
9756
9757
9759
9761
9762
9767
9768
9769
9773
9775
9776
9777
9778
9780
9781
9782
9783
9784
9786
9787
9789
9792
9796
9797
9799
9800
9802
9803
9804
9805
9806
9807
9808
9810
9812
9814
9815
9817
9821
9824
9826
9828
9830
9835
9836
9838
9839
9841
9842
9843
9847
